5 0.0986328 0.00813802 0.113932 0.016276 0.0108406
3 0.0794271 0.0602214 0.152344 0.119141 0.0123298
0 0.0133464 0.577474 0.0266927 0.0403646 0.0132555
6 0.982747 0.921224 0.0345052 0.108073 0.0134047
0 0.00553385 0.482747 0.0110677 0.0748698 0.0138864
1 0.648763 0.00683594 0.0709635 0.0136719 0.0144898
1 0.336914 0.015625 0.061849 0.03125 0.0160744
6 0.229492 0.488281 0.0826823 0.0768229 0.0171884
3 0.0166016 0.97168 0.0332031 0.0566406 0.0183028
6 0.177734 0.717448 0.0638021 0.0572917 0.0205159
8 0.0865885 0.0123698 0.14974 0.0247396 0.0254954
8 0.0908203 0.0602214 0.136068 0.120443 0.0381964
6 0.0911458 0.0615234 0.126302 0.121745 0.0431554
1 0.387044 0.0185547 0.0657552 0.0371094 0.0502969
0 0.522135 0.723633 0.0638021 0.0644531 0.297226
0 0.527669 0.750326 0.0501302 0.0540365 0.396643
0 0.81543 0.166992 0.0696615 0.0761719 0.448006
8 0.930339 0.0758464 0.139323 0.151693 0.457935
1 0.988932 0.371745 0.0221354 0.0859375 0.479595
6 0.396484 0.805013 0.0611979 0.0735677 0.549747
1 0.551758 0.0123698 0.0970052 0.0247396 0.639868
1 0.679362 0.0511068 0.119141 0.0917969 0.693313
1 0.969727 0.285807 0.0605469 0.0885417 0.698566
1 0.448242 0.0195312 0.0826823 0.0390625 0.717901
1 0.361654 0.0299479 0.111328 0.0598958 0.749545
6 0.270833 0.969401 0.0833333 0.0611979 0.82989
1 0.579753 0.0436198 0.102214 0.0846354 0.840411
