2 0.500326 0.138346 0.0332031 0.0292969 0.0103169
0 0.00455729 0.933594 0.00911458 0.0585938 0.0120631
7 0.671549 0.522786 0.0957031 0.0625 0.0173239
0 0.268555 0.00423177 0.0527344 0.00846354 0.0183183
0 0.971354 0.00423177 0.0429688 0.00846354 0.0382651
5 0.0797526 0.0198568 0.111328 0.0397135 0.0911409
2 0.54362 0.140951 0.03125 0.0279948 0.221844
2 0.538737 0.108073 0.0371094 0.0481771 0.227854
1 0.727214 0.233398 0.0690104 0.0670573 0.270671
0 0.755859 0.200846 0.0729167 0.0657552 0.314535
2 0.546549 0.153646 0.0384115 0.046875 0.380713
2 0.174479 0.533203 0.0625 0.0559896 0.633146
0 0.734049 0.161458 0.0891927 0.0807292 0.704126
0 0.210612 0.852539 0.0501302 0.0527344 0.76631
0 0.239583 0.33724 0.0559896 0.0559896 0.777245
0 0.805013 0.0849609 0.100911 0.103516 0.782542
0 0.0914714 0.179362 0.061849 0.0657552 0.784438
