5 0.931966 0.00813802 0.113932 0.016276 0.0104448
7 0.410156 0.439453 0.0638021 0.0651042 0.0110651
8 0.924805 0.0120443 0.136068 0.0240885 0.0127177
8 0.928711 0.0602214 0.123047 0.120443 0.0168288
6 0.927083 0.0611979 0.114583 0.121094 0.0179729
5 0.800456 0.983724 0.124349 0.0325521 0.01856
3 0.735026 0.0377604 0.109375 0.0742188 0.0567601
0 0.759766 0.0208333 0.0625 0.0403646 0.0870936
1 0.993164 0.710286 0.0136719 0.0820312 0.289275
0 0.735677 0.0348307 0.105469 0.0696615 0.362275
5 0.515625 0.238607 0.0611979 0.0592448 0.792487
