3 0.236654 0.989909 0.100911 0.0201823 0.0130943
3 0.0136719 0.551107 0.0273438 0.139974 0.020019
6 0.568034 0.596029 0.126953 0.0878906 0.0201309
0 0.361654 0.00423177 0.0553385 0.00846354 0.0225693
3 0.00813802 0.547852 0.016276 0.10612 0.0281831
0 0.00716146 0.557292 0.0143229 0.0898438 0.0295001
0 0.241862 0.993164 0.077474 0.0136719 0.0437218
0 0.214518 0.00585938 0.0566406 0.0117188 0.0506886
5 0.978841 0.113281 0.0423177 0.0898438 0.0829551
0 0.847331 0.72526 0.0384115 0.0364583 0.197533
0 0.648763 0.292969 0.0657552 0.0585938 0.795523
6 0.166341 0.258138 0.13737 0.182943 0.880506
