0 0.660482 0.208984 0.0514323 0.0507812 0.0101403
8 0.423177 0.952474 0.109375 0.0950521 0.0102089
5 0.40918 0.962565 0.0878906 0.0748698 0.0188888
5 0.423177 0.61263 0.0520833 0.0742188 0.0323861
6 0.580078 0.638346 0.0638021 0.0540365 0.0392179
0 0.677734 0.0257161 0.0585938 0.0449219 0.0844778
5 0.397135 0.907878 0.104167 0.184245 0.0872097
9 0.445638 0.0120443 0.0553385 0.0240885 0.108869
3 0.401042 0.907227 0.111979 0.185547 0.149021
6 0.363607 0.0491536 0.0683594 0.063151 0.21166
5 0.391276 0.857096 0.10026 0.0878906 0.525654
0 0.447591 0.0139974 0.0657552 0.0279948 0.526957
0 0.691081 0.0481771 0.061849 0.0664062 0.746745
0 0.723307 0.430339 0.0533854 0.0585938 0.790961
3 0.118164 0.80306 0.186849 0.173828 0.915624
