5 0.305013 0.0110677 0.111328 0.0221354 0.0114348
9 0.297526 0.00651042 0.0677083 0.0130208 0.016085
0 0.351237 0.796875 0.0488281 0.0455729 0.0257331
5 0.977865 0.942057 0.0416667 0.0807292 0.0279221
0 0.39681 0.801432 0.046224 0.0429688 0.0336704
0 0.501953 0.287435 0.0677083 0.0592448 0.0369479
0 0.402669 0.836914 0.0436198 0.046224 0.0382105
6 0.765951 0.689128 0.077474 0.0800781 0.0468816
2 0.410482 0.420898 0.0891927 0.0761719 0.0659681
0 0.387695 0.206055 0.0488281 0.047526 0.0719698
7 0.0377604 0.0852865 0.0755208 0.15625 0.668926
0 0.803711 0.78125 0.061849 0.0690104 0.818691
