0 0.989583 0.968424 0.0208333 0.063151 0.0159031
6 0.282878 0.624023 0.0983073 0.063151 0.0254478
4 0.986328 0.883464 0.0273438 0.109375 0.0304626
6 0.983724 0.721029 0.0325521 0.103516 0.039935
3 0.699544 0.30599 0.188151 0.201823 0.0916265
3 0.986979 0.961263 0.0260417 0.077474 0.240332
0 0.66569 0.558268 0.0826823 0.0683594 0.790335
8 0.700195 0.305664 0.190755 0.20638 0.815669
0 0.406576 0.711914 0.0735677 0.0566406 0.828712
0 0.506185 0.774414 0.0709635 0.0761719 0.841631
0 0.650065 0.619792 0.0761719 0.0755208 0.850092
0 0.449219 0.848307 0.0794271 0.0859375 0.870783
