5 0.678711 0.98763 0.108724 0.0247396 0.0145379
3 0.986979 0.580078 0.0260417 0.0898438 0.0205617
8 0.986328 0.961589 0.0273438 0.0768229 0.0206369
5 0.0152995 0.946289 0.030599 0.0904948 0.0225957
0 0.99056 0.58138 0.0188802 0.0859375 0.0311337
0 0.989909 0.964193 0.0201823 0.0703125 0.0451841
0 0.00553385 0.30599 0.0110677 0.0664062 0.050237
3 0.987956 0.963542 0.0240885 0.0729167 0.0680453
3 0.0159505 0.455078 0.031901 0.125 0.132999
0 0.752279 0.755859 0.0566406 0.046875 0.23668
0 0.54362 0.535482 0.0677083 0.0553385 0.464969
0 0.47819 0.607096 0.061849 0.0722656 0.492098
0 0.550456 0.295898 0.0579427 0.0501302 0.562556
0 0.355143 0.659505 0.0566406 0.0520833 0.592624
0 0.951497 0.445964 0.0605469 0.0546875 0.668912
0 0.910156 0.507161 0.0742188 0.0690104 0.787394
0 0.910156 0.0872396 0.0833333 0.0872396 0.818425
0 0.867188 0.0553385 0.0742188 0.0716146 0.841098
0 0.813477 0.0289714 0.0657552 0.0579427 0.846804
