6 0.806966 0.200195 0.0748698 0.063151 0.011957
0 0.174154 0.12207 0.0657552 0.0553385 0.0215105
3 0.0989583 0.986328 0.0976562 0.0273438 0.022413
9 0.00553385 0.556315 0.0110677 0.0670573 0.0361037
6 0.864909 0.311849 0.0670573 0.0742188 0.042282
6 0.948242 0.520182 0.0592448 0.0950521 0.0905359
6 0.741536 0.0113932 0.0898438 0.0227865 0.169235
6 0.212565 0.535807 0.0605469 0.0507812 0.227274
6 0.902669 0.296549 0.0852865 0.0813802 0.248318
6 0.804688 0.606445 0.0742188 0.061849 0.322821
0 0.323568 0.10319 0.0807292 0.0579427 0.582794
0 0.388021 0.484049 0.0794271 0.0592448 0.82878
