6 0.991862 0.785807 0.016276 0.0898438 0.0105001
1 0.992513 0.777669 0.014974 0.0839844 0.0162466
4 0.986328 0.0514323 0.0273438 0.0963542 0.0188568
3 0.932292 0.985026 0.114583 0.0299479 0.0426527
0 0.430664 0.81901 0.0488281 0.046875 0.0911066
9 0.26888 0.270182 0.0598958 0.0729167 0.133867
3 0.986003 0.133464 0.0279948 0.108073 0.375706
0 0.267904 0.27181 0.0696615 0.0826823 0.509242
0 0.438151 0.414062 0.0703125 0.0807292 0.532568
0 0.178711 0.680664 0.0735677 0.0709635 0.585218
0 0.388346 0.973307 0.0579427 0.0533854 0.649749
0 0.746745 0.705729 0.0729167 0.0546875 0.691399
0 0.389323 0.826497 0.0559896 0.0605469 0.695259
0 0.378906 0.786458 0.0690104 0.0546875 0.742155
0 0.348958 0.96582 0.0651042 0.0670573 0.79128
0 0.474284 0.604167 0.0709635 0.0677083 0.792735
0 0.344727 0.46582 0.0657552 0.063151 0.817408
0 0.454102 0.866211 0.0917969 0.0748698 0.825512
0 0.292969 0.836914 0.0794271 0.0826823 0.82874
0 0.449219 0.0286458 0.0807292 0.0572917 0.843636
0 0.234701 0.746094 0.0800781 0.0833333 0.854659
0 0.216797 0.606771 0.0859375 0.0846354 0.864443
