2 0.140625 0.0117188 0.0625 0.0234375 0.0104124
9 0.139974 0.0078125 0.0572917 0.015625 0.0110852
7 0.986328 0.944987 0.0273438 0.108724 0.0111546
0 0.93457 0.0078125 0.0436198 0.015625 0.0118231
5 0.735026 0.236003 0.0611979 0.0501302 0.0118322
1 0.00683594 0.0751953 0.0136719 0.0761719 0.0137135
4 0.80599 0.993164 0.104167 0.0136719 0.0146435
6 0.00813802 0.0673828 0.016276 0.0891927 0.0157269
6 0.203125 0.433594 0.0677083 0.0690104 0.0188681
3 0.485677 0.978841 0.11849 0.0423177 0.022044
7 0.804362 0.989258 0.146484 0.0214844 0.023154
6 0.146159 0.0133464 0.0917969 0.0266927 0.0252815
6 0.0152995 0.0638021 0.030599 0.106771 0.0274181
4 0.353841 0.0130208 0.142578 0.0260417 0.0685935
7 0.347656 0.0126953 0.135417 0.0253906 0.100639
0 0.916016 0.0130208 0.0611979 0.0260417 0.397397
0 0.487305 0.413411 0.0696615 0.0611979 0.412397
0 0.504557 0.467773 0.0664062 0.0592448 0.520999
