4 0.423828 0.964518 0.139323 0.0709635 0.0100838
0 0.00520833 0.609049 0.0104167 0.063151 0.0119944
5 0.368815 0.242513 0.0527344 0.0540365 0.0155991
5 0.421549 0.966146 0.141276 0.0677083 0.0202594
0 0.578451 0.00878906 0.0865885 0.0175781 0.0223394
6 0.030599 0.3125 0.0572917 0.0742188 0.0280853
0 0.251953 0.141927 0.0416667 0.0429688 0.0306979
0 0.727865 0.210938 0.0429688 0.0403646 0.0546192
3 0.263021 0.884766 0.183594 0.18099 0.0580429
0 0.607747 0.366862 0.0553385 0.0527344 0.0951696
6 0.115885 0.519531 0.0585938 0.0950521 0.150804
6 0.0690104 0.296875 0.0859375 0.0820312 0.345344
5 0.366862 0.470703 0.078776 0.0716146 0.357276
0 0.655924 0.41276 0.0735677 0.0598958 0.734178
6 0.96582 0.260417 0.0683594 0.182292 0.742109
0 0.700521 0.277669 0.046875 0.0540365 0.802519
0 0.701823 0.222656 0.0533854 0.0611979 0.811255
8 0.263021 0.885091 0.184896 0.182943 0.828008
