6 0.0152995 0.901042 0.030599 0.0963542 0.011569
2 0.142253 0.833984 0.0644531 0.0598958 0.0119168
3 0.964518 0.990885 0.0709635 0.0182292 0.015189
8 0.963542 0.990234 0.0729167 0.0195312 0.0154275
8 0.763021 0.694336 0.0546875 0.0449219 0.0189107
7 0.326172 0.810547 0.0989583 0.0859375 0.0226457
3 0.719076 0.0107422 0.136068 0.0214844 0.0293778
5 0.761719 0.694661 0.0572917 0.0481771 0.0323915
6 0.016276 0.798503 0.0325521 0.0826823 0.0354139
6 0.141602 0.833984 0.063151 0.0611979 0.0940387
5 0.245443 0.128581 0.109375 0.0800781 0.153914
0 0.234049 0.452474 0.0566406 0.0481771 0.434287
0 0.918945 0.835286 0.0696615 0.0507812 0.466206
5 0.488281 0.695964 0.115885 0.0585938 0.724826
