0 0.00390625 0.971029 0.0078125 0.047526 0.010506
4 0.992188 0.348958 0.015625 0.110677 0.0170988
0 0.579427 0.611003 0.0494792 0.0449219 0.0207166
6 0.641276 0.679362 0.110677 0.0983073 0.0371986
6 0.716797 0.634766 0.0820312 0.0598958 0.0860755
0 0.00683594 0.857422 0.0136719 0.0703125 0.157197
0 0.634115 0.979167 0.0638021 0.0416667 0.477808
0 0.986979 0.691081 0.0260417 0.0592448 0.519072
0 0.707682 0.0263672 0.0742188 0.0527344 0.813986
0 0.0768229 0.920573 0.0833333 0.0885417 0.826156
0 0.0361328 0.888346 0.0709635 0.0722656 0.850078
0 0.549805 0.139974 0.0878906 0.0729167 0.861409
