3 0.964844 0.222982 0.0664062 0.094401 0.0113349
6 0.0224609 0.25 0.0449219 0.0911458 0.0116818
6 0.326823 0.220378 0.123698 0.0983073 0.0126637
1 0.00716146 0.254883 0.0143229 0.0800781 0.0141514
6 0.362956 0.882487 0.0696615 0.063151 0.0466774
0 0.67806 0.859375 0.0592448 0.0455729 0.159961
6 0.115234 0.273763 0.0625 0.0566406 0.203271
6 0.0266927 0.217773 0.0533854 0.0800781 0.213212
5 0.82194 0.507487 0.0813802 0.0813802 0.662119
0 0.448242 0.830729 0.061849 0.0598958 0.741754
7 0.261068 0.476888 0.174479 0.164714 0.752471
0 0.691081 0.880859 0.061849 0.0677083 0.767409
8 0.262044 0.476888 0.173828 0.163411 0.800096
