0 0.00423177 0.900716 0.00846354 0.0696615 0.0130045
0 0.994792 0.817708 0.0104167 0.0638021 0.0158009
0 0.69987 0.993164 0.0651042 0.0136719 0.0191716
8 0.48112 0.226562 0.171875 0.0807292 0.0277084
7 0.933594 0.0113932 0.13151 0.0227865 0.0278465
0 0.346354 0.358398 0.0611979 0.0579427 0.071473
8 0.83724 0.318359 0.174479 0.161458 0.10363
3 0.833984 0.323893 0.252604 0.242839 0.156951
7 0.837565 0.324544 0.250651 0.245443 0.286919
8 0.169922 0.192383 0.0976562 0.10612 0.442481
8 0.963216 0.308919 0.0735677 0.108724 0.475057
5 0.166992 0.191732 0.094401 0.10612 0.499725
0 0.698893 0.962565 0.0761719 0.0722656 0.517517
0 0.669596 0.978841 0.0644531 0.0423177 0.581055
5 0.474609 0.229818 0.169271 0.0963542 0.68694
0 0.718099 0.862956 0.0729167 0.0670573 0.700279
8 0.432943 0.586263 0.174479 0.119141 0.829097
0 0.160807 0.692057 0.0585938 0.0729167 0.840436
