3 0.700846 0.587565 0.176432 0.182943 0.0105457
0 0.600911 0.0771484 0.0559896 0.0449219 0.0160996
3 0.141276 0.0859375 0.22526 0.167969 0.0253876
8 0.0120443 0.316406 0.0240885 0.0833333 0.0306842
8 0.054362 0.030599 0.107422 0.0611979 0.0559
9 0.528971 0.992839 0.047526 0.0143229 0.0628465
0 0.527018 0.989258 0.0579427 0.0214844 0.109208
0 0.242839 0.264323 0.0625 0.0703125 0.127877
0 0.315104 0.290039 0.0755208 0.0540365 0.128688
0 0.669922 0.337891 0.0638021 0.0455729 0.312413
8 0.391276 0.454102 0.135417 0.132161 0.437645
8 0.142253 0.0872396 0.222005 0.166667 0.482097
8 0.700521 0.587565 0.177083 0.182943 0.532356
1 0.156576 0.283203 0.0996094 0.0898438 0.551465
1 0.189453 0.361003 0.0872396 0.102214 0.64389
0 0.323242 0.343099 0.103516 0.0911458 0.724144
8 0.403971 0.534831 0.163411 0.136068 0.744658
5 0.852865 0.222656 0.106771 0.127604 0.768717
1 0.847331 0.66569 0.0996094 0.0878906 0.797512
