2 0.544922 0.976237 0.0325521 0.030599 0.0118894
5 0.00878906 0.126302 0.0175781 0.0677083 0.0121565
6 0.358724 0.731445 0.106771 0.0970052 0.0132353
7 0.340169 0.739258 0.0735677 0.0800781 0.0140361
9 0.732096 0.990234 0.0527344 0.0195312 0.0143929
4 0.253581 0.470703 0.0579427 0.0507812 0.0320779
9 0.733724 0.979167 0.0807292 0.0416667 0.0339169
6 0.294271 0.826497 0.0924479 0.0957031 0.0341336
5 0.0152995 0.112305 0.030599 0.0878906 0.0341718
0 0.99056 0.132161 0.0188802 0.0885417 0.0359917
3 0.988607 0.13151 0.0227865 0.109375 0.0440939
8 0.292643 0.824219 0.093099 0.0950521 0.0891143
2 0.538737 0.941406 0.0371094 0.0481771 0.0992561
5 0.511719 0.565755 0.0533854 0.0898438 0.148789
0 0.987956 0.755208 0.0240885 0.0611979 0.282035
3 0.0878906 0.988281 0.0716146 0.0234375 0.329413
0 0.735677 0.976888 0.0976562 0.046224 0.684849
5 0.0963542 0.825521 0.0859375 0.0989583 0.694507
0 0.816732 0.248047 0.0709635 0.0833333 0.782335
0 0.804688 0.917643 0.101562 0.103516 0.788946
0 0.454102 0.441406 0.0657552 0.0625 0.818536
