3 0.263021 0.624349 0.113281 0.158854 0.0101966
1 0.0061849 0.549479 0.0123698 0.078125 0.0109636
5 0.00846354 0.565755 0.0169271 0.10026 0.0119671
8 0.361979 0.014974 0.141927 0.0299479 0.0130124
6 0.00683594 0.55599 0.0136719 0.0833333 0.0154133
3 0.255859 0.0716146 0.171875 0.143229 0.0157743
9 0.99349 0.965495 0.0130208 0.0664062 0.0175637
6 0.0146484 0.571615 0.0292969 0.135417 0.0176014
0 0.185547 0.99349 0.0651042 0.0130208 0.0189882
8 0.263021 0.656576 0.114583 0.11263 0.0200632
0 0.182617 0.79069 0.0488281 0.0436198 0.0252866
3 0.733073 0.767578 0.151042 0.188802 0.0386616
5 0.344401 0.0143229 0.130208 0.0286458 0.0713173
0 0.593424 0.882161 0.0657552 0.0611979 0.708182
8 0.256185 0.0716146 0.171224 0.143229 0.786177
0 0.578125 0.393555 0.0611979 0.0696615 0.803049
8 0.733398 0.767253 0.151693 0.189453 0.821645
