7 0.0152995 0.286458 0.030599 0.132812 0.0100166
6 0.621094 0.59375 0.0598958 0.0768229 0.0107146
2 0.660482 0.558919 0.0371094 0.0436198 0.0117717
7 0.554362 0.0172526 0.133464 0.0345052 0.0160262
0 0.734701 0.994141 0.063151 0.0117188 0.0169561
2 0.735677 0.603841 0.0403646 0.0410156 0.0235587
9 0.993164 0.684896 0.0136719 0.0507812 0.026563
8 0.979818 0.0504557 0.0403646 0.0852865 0.0279985
6 0.670573 0.766276 0.0520833 0.0520833 0.033624
6 0.649414 0.779948 0.0449219 0.0559896 0.0420734
0 0.762044 0.329102 0.0527344 0.0436198 0.0573214
9 0.988607 0.682943 0.0227865 0.0677083 0.0760714
6 0.693034 0.565755 0.0371094 0.0390625 0.102608
2 0.693034 0.56543 0.0358073 0.0397135 0.103496
2 0.727865 0.570312 0.0390625 0.0377604 0.107451
6 0.177734 0.720378 0.0846354 0.0826823 0.249601
0 0.323242 0.935547 0.0813802 0.0585938 0.514961
2 0.700846 0.598958 0.0358073 0.0338542 0.623122
0 0.983398 0.683919 0.0332031 0.0748698 0.702559
6 0.627604 0.700521 0.0664062 0.0768229 0.728717
7 0.613607 0.0625 0.195964 0.125 0.849269
