0 0.713216 0.814453 0.0748698 0.0481771 0.0137451
5 0.428711 0.167643 0.0813802 0.0852865 0.0141028
3 0.962565 0.0120443 0.0748698 0.0240885 0.0158993
6 0.766927 0.364258 0.0572917 0.0670573 0.0184253
8 0.426107 0.150716 0.110026 0.111328 0.0228075
8 0.33431 0.985677 0.150391 0.0286458 0.0285188
3 0.883138 0.0117188 0.162109 0.0234375 0.0329062
0 0.601237 0.909831 0.0579427 0.047526 0.0362594
3 0.911133 0.988932 0.113932 0.0221354 0.0390652
0 0.919922 0.991211 0.0768229 0.0175781 0.0800004
5 0.391276 0.0891927 0.104167 0.178385 0.0979885
3 0.141602 0.915039 0.227214 0.16862 0.110416
3 0.364909 0.986654 0.139974 0.0266927 0.163558
3 0.397461 0.0914714 0.103516 0.182943 0.315003
5 0.388672 0.0341797 0.0950521 0.0683594 0.326442
8 0.141602 0.914714 0.227214 0.169271 0.644783
3 0.108398 0.0283203 0.169922 0.0566406 0.680404
