9 0.995117 0.193034 0.00976562 0.0527344 0.0103477
9 0.993164 0.44401 0.0136719 0.0572917 0.0143958
9 0.947266 0.552409 0.0572917 0.0527344 0.0156379
0 0.155599 0.776042 0.0429688 0.0377604 0.0176055
9 0.445638 0.995443 0.046224 0.00911458 0.0258628
3 0.737305 0.847982 0.110026 0.094401 0.0262866
5 0.345378 0.447591 0.0917969 0.0722656 0.0293906
0 0.137695 0.00390625 0.0449219 0.0078125 0.0316782
4 0.660156 0.548828 0.0859375 0.0820312 0.0367203
8 0.939779 0.851888 0.0970052 0.201172 0.0401564
0 0.446289 0.993815 0.0527344 0.0123698 0.0402637
0 0.00976562 0.0869141 0.0195312 0.0865885 0.0804193
0 0.496094 0.625977 0.0664062 0.0696615 0.111198
0 0.763997 0.842773 0.0566406 0.0657552 0.183864
8 0.949219 0.806315 0.0716146 0.10612 0.188447
3 0.0130208 0.0764974 0.0260417 0.128255 0.197238
5 0.659505 0.548828 0.0846354 0.0833333 0.249226
0 0.737305 0.849609 0.104818 0.0885417 0.467303
