3 0.984375 0.364909 0.03125 0.125651 0.0121434
0 0.994466 0.133138 0.0110677 0.0709635 0.0125065
6 0.972982 0.835286 0.0540365 0.0677083 0.013014
0 0.128906 0.988932 0.0729167 0.0221354 0.016172
3 0.0136719 0.961589 0.0273438 0.0768229 0.0174303
3 0.990885 0.379883 0.0182292 0.104818 0.0182735
7 0.0400391 0.777344 0.0800781 0.157552 0.0200175
3 0.775391 0.014974 0.136719 0.0299479 0.0379357
6 0.817708 0.783854 0.0677083 0.0677083 0.0590726
8 0.767253 0.014974 0.134766 0.0299479 0.0590761
5 0.566406 0.867839 0.160156 0.13151 0.0608049
8 0.0423177 0.780599 0.0846354 0.158854 0.0836936
5 0.608724 0.846354 0.0820312 0.0898438 0.0910144
3 0.0400391 0.778646 0.0800781 0.161458 0.105005
0 0.571289 0.973307 0.0709635 0.0533854 0.577239
0 0.593424 0.0494792 0.0657552 0.0611979 0.765423
0 0.374674 0.64974 0.094401 0.0755208 0.824313
