0 0.805013 0.995768 0.0501302 0.00846354 0.0228595
7 0.570964 0.0130208 0.125 0.0260417 0.038567
7 0.370117 0.585286 0.169922 0.160156 0.0465939
4 0.0117188 0.234375 0.0234375 0.0846354 0.0674029
7 0.0130208 0.234049 0.0260417 0.0983073 0.0851342
0 0.483724 0.459635 0.0690104 0.0598958 0.398297
8 0.369792 0.585938 0.171875 0.161458 0.73777
0 0.813802 0.854492 0.0664062 0.0735677 0.775897
0 0.909831 0.920247 0.0826823 0.0878906 0.800095
0 0.867513 0.888672 0.0748698 0.0716146 0.850405
0 0.427083 0.775716 0.0703125 0.0800781 0.860032
