8 0.152018 0.306966 0.138672 0.108724 0.0104255
5 0.22168 0.547526 0.0891927 0.106771 0.0151171
6 0.151693 0.666992 0.113281 0.0996094 0.0157085
7 0.108724 0.0113932 0.134115 0.0227865 0.0210075
6 0.716797 0.110352 0.0664062 0.0878906 0.0217714
5 0.834635 0.111003 0.0625 0.0839844 0.0329272
3 0.921224 0.988281 0.0716146 0.0234375 0.306044
7 0.0644531 0.335612 0.128906 0.167318 0.369405
0 0.414714 0.817383 0.0533854 0.063151 0.425791
5 0.168945 0.307292 0.145182 0.110677 0.689532
5 0.929688 0.825846 0.0859375 0.0983073 0.690321
0 0.464193 0.103516 0.0768229 0.0807292 0.849001
