3 0.30013 0.727865 0.199219 0.209635 0.0131908
3 0.830404 0.977539 0.120443 0.0449219 0.0137307
7 0.700846 0.014974 0.11263 0.0299479 0.0142573
2 0.452799 0.257487 0.0696615 0.0748698 0.0170427
6 0.296224 0.292969 0.110677 0.0924479 0.0186957
3 0.930664 0.905599 0.138672 0.158854 0.0725068
8 0.0940755 0.853516 0.117839 0.199219 0.0910739
1 0.337891 0.85026 0.0625 0.078125 0.0971419
0 0.817383 0.978841 0.094401 0.0423177 0.144864
1 0.388346 0.843424 0.0644531 0.0644531 0.152381
6 0.246094 0.309245 0.0664062 0.0807292 0.160705
8 0.113607 0.806315 0.078776 0.10612 0.224849
1 0.361654 0.842773 0.104818 0.103516 0.257718
8 0.300456 0.72819 0.198568 0.20638 0.354385
1 0.448568 0.844076 0.0677083 0.0592448 0.457654
3 0.931315 0.0276693 0.13737 0.0553385 0.512892
8 0.689453 0.471354 0.134115 0.123698 0.52572
8 0.930339 0.905273 0.139323 0.159505 0.564553
1 0.483398 0.738607 0.063151 0.0891927 0.592424
1 0.679036 0.88444 0.117188 0.093099 0.822008
1 0.579102 0.875651 0.108724 0.0872396 0.844746
1 0.42806 0.798828 0.0891927 0.0846354 0.855889
1 0.430664 0.690755 0.0904948 0.10026 0.864293
1 0.554688 0.81901 0.0963542 0.0820312 0.865868
1 0.527018 0.680013 0.094401 0.116536 0.906836
1 0.595703 0.720378 0.109375 0.129557 0.916023
7 0.672201 0.171224 0.186849 0.188802 0.920257
