9 0.219401 0.988607 0.0807292 0.0227865 0.0115303
6 0.844727 0.208659 0.093099 0.0983073 0.0115387
0 0.22168 0.99349 0.0553385 0.0130208 0.017832
6 0.741536 0.457031 0.0755208 0.0651042 0.0222785
4 0.741211 0.458984 0.0748698 0.0638021 0.0229869
6 0.36263 0.834635 0.0716146 0.0729167 0.0304604
9 0.784831 0.518229 0.0423177 0.0403646 0.112297
6 0.424479 0.74056 0.0598958 0.061849 0.135923
6 0.947266 0.274089 0.0611979 0.0585938 0.20443
0 0.395833 0.0133464 0.0703125 0.0266927 0.373282
6 0.847982 0.232096 0.077474 0.0566406 0.588796
6 0.421224 0.407878 0.0703125 0.077474 0.649197
0 0.299154 0.0234375 0.0722656 0.046875 0.781436
0 0.390299 0.14974 0.0579427 0.0729167 0.784934
0 0.193359 0.360352 0.0820312 0.094401 0.817672
0 0.349284 0.138021 0.0670573 0.0794271 0.821552
0 0.455078 0.0351562 0.0911458 0.0703125 0.827572
