0 0.00455729 0.0198568 0.00911458 0.0397135 0.0141394
3 0.988607 0.388346 0.0227865 0.103516 0.0225898
5 0.99056 0.370768 0.0188802 0.0983073 0.0278525
7 0.568685 0.96224 0.180339 0.0755208 0.0612885
0 0.00716146 0.0283203 0.0143229 0.0566406 0.140122
4 0.523112 0.638672 0.0839844 0.0872396 0.268068
0 0.118164 0.445638 0.0605469 0.0553385 0.660448
0 0.614258 0.397461 0.0644531 0.0748698 0.708878
0 0.0768229 0.507487 0.0742188 0.0683594 0.767617
0 0.637695 0.157878 0.0748698 0.0644531 0.779428
0 0.178385 0.586263 0.0677083 0.0852865 0.804253
0 0.0768229 0.0872396 0.0833333 0.0885417 0.826639
0 0.0361328 0.055013 0.0709635 0.0722656 0.839409
0 0.652018 0.229492 0.0839844 0.0800781 0.845526
7 0.392253 0.92513 0.155599 0.14974 0.909468
